0
0.024414062
0.048828125
0.07324219
0.09765625
0.12207031
0.14648438
0.17089844
0.1953125
0.21972656
0.24414062
0.2685547
0.29296875
0.3173828
0.34179688
0.36621094
0.390625
0.41503906
0.43945312
0.4638672
0.48828125
0.5126953
0.5371094
0.56152344
0.5859375
0.61035156
0.6347656
0.6591797
0.68359375
0.7080078
0.7324219
0.75683594
0.78125
0.80566406
0.8300781
0.8544922
0.87890625
0.9033203
0.9277344
0.95214844
0.9765625
1.0009766
1.0253906
1.0498047
1.0742188
1.0986328
1.1230469
1.1474609
1.171875
1.1962891
1.2207031
1.2451172
1.2695312
1.2939453
1.3183594
1.3427734
1.3671875
1.3916016
1.4160156
1.4404297
1.4648438
1.4892578
1.5136719
1.5380859
1.5625
1.5869141
1.6113281
1.6357422
1.6601562
1.6845703
1.7089844
1.7333984
1.7578125
1.7822266
1.8066406
1.8310547
1.8554688
1.8798828
1.9042969
1.9287109
1.953125
1.9775391
2.0019531
2.0263672
2.0507812
2.0751953
2.0996094
2.1240234
2.1484375
2.1728516
2.1972656
2.2216797
2.2460938
2.2705078
2.2949219
2.319336
2.34375
2.368164
2.3925781
2.4169922
2.4414062
2.4658203
2.4902344
2.5146484
2.5390625
2.5634766
2.5878906
2.6123047
2.6367188
2.6611328
2.6855469
2.709961
2.734375
2.758789
2.7832031
2.8076172
2.8320312
2.8564453
2.8808594
2.9052734
2.9296875
2.9541016
2.9785156
3.0029297
3.0273438
3.0517578
3.0761719
3.100586
3.125
3.149414
3.1738281
3.1982422
3.2226562
3.2470703
3.2714844
3.2958984
3.3203125
3.3447266
3.3691406
3.3935547
3.4179688
3.4423828
3.4667969
3.491211
3.515625
3.540039
3.5644531
3.5888672
3.6132812
3.6376953
3.6621094
3.6865234
3.7109375
3.7353516
3.7597656
3.7841797
3.8085938
3.8330078
3.8574219
3.881836
3.90625
3.930664
3.9550781
3.9794922
4.0039062
4.0283203
4.0527344
4.0771484
4.1015625
4.1259766
4.1503906
4.1748047
4.1992188
4.223633
4.248047
4.272461
4.296875
4.321289
4.345703
4.370117
4.3945312
4.4189453
4.4433594
4.4677734
4.4921875
4.5166016
4.5410156
4.5654297
4.5898438
4.614258
4.638672
4.663086
4.6875
4.711914
4.736328
4.760742
4.7851562
4.8095703
4.8339844
4.8583984
4.8828125
4.9072266
4.9316406
4.9560547
4.9804688
5.004883
5.029297
5.053711
5.078125
5.102539
5.126953
5.151367
5.1757812
5.2001953
5.2246094
5.2490234
5.2734375
5.2978516
5.3222656
5.3466797
5.3710938
5.395508
5.419922
5.444336
5.46875
5.493164
5.517578
5.541992
5.5664062
5.5908203
5.6152344
5.6396484
5.6640625
5.6884766
5.7128906
5.7373047
5.7617188
5.786133
5.810547
5.834961
5.859375
5.883789
5.908203
5.932617
5.9570312
5.9814453
6.0058594
6.0302734
6.0546875
6.0791016
6.1035156
6.1279297
6.1523438
6.176758
6.201172
6.225586
6.25
6.274414
6.298828
6.323242
6.3476562
6.3720703
6.3964844
6.4208984
6.4453125
6.4697266
6.4941406
6.5185547
6.5429688
6.567383
6.591797
6.616211
6.640625
6.665039
6.689453
6.713867
6.7382812
6.7626953
6.7871094
6.8115234
6.8359375
6.8603516
6.8847656
6.9091797
6.9335938
6.958008
6.982422
7.006836
7.03125
7.055664
7.080078
7.104492
7.1289062
7.1533203
7.1777344
7.2021484
7.2265625
7.2509766
7.2753906
7.2998047
7.3242188
7.348633
7.373047
7.397461
7.421875
7.446289
7.470703
7.495117
7.5195312
7.5439453
7.5683594
7.5927734
7.6171875
7.6416016
7.6660156
7.6904297
7.7148438
7.739258
7.763672
7.788086
7.8125
7.836914
7.861328
7.885742
7.9101562
7.9345703
7.9589844
7.9833984
8.0078125
8.032227
8.056641
8.081055
8.105469
8.129883
8.154297
8.178711
8.203125
8.227539
8.251953
8.276367
8.300781
8.325195
8.349609
8.374023
8.3984375
8.422852
8.447266
8.47168
8.496094
8.520508
8.544922
8.569336
8.59375
8.618164
8.642578
8.666992
8.691406
8.71582
8.740234
8.764648
8.7890625
8.813477
8.837891
8.862305
8.886719
8.911133
8.935547
8.959961
8.984375
9.008789
9.033203
9.057617
9.082031
9.106445
9.130859
9.155273
9.1796875
9.204102
9.228516
9.25293
9.277344
9.301758
9.326172
9.350586
9.375
9.399414
9.423828
9.448242
9.472656
9.49707
9.521484
9.545898
9.5703125
9.594727
9.619141
9.643555
9.667969
9.692383
9.716797
9.741211
9.765625
9.790039
9.814453
9.838867
9.863281
9.887695
9.912109
9.936523
9.9609375
9.985352
10.009766
10.03418
10.058594
10.083008
10.107422
10.131836
10.15625
10.180664
10.205078
10.229492
10.253906
10.27832
10.302734
10.327148
10.3515625
10.375977
10.400391
10.424805
10.449219
10.473633
10.498047
10.522461
10.546875
10.571289
10.595703
10.620117
10.644531
10.668945
10.693359
10.717773
10.7421875
10.766602
10.791016
10.81543
10.839844
10.864258
10.888672
10.913086
10.9375
10.961914
10.986328
11.010742
11.035156
11.05957
11.083984
11.108398
11.1328125
11.157227
11.181641
11.206055
11.230469
11.254883
11.279297
11.303711
11.328125
11.352539
11.376953
11.401367
11.425781
11.450195
11.474609
11.499023
11.5234375
11.547852
11.572266
11.59668
11.621094
11.645508
11.669922
11.694336
11.71875
11.743164
11.767578
11.791992
11.816406
11.84082
11.865234
11.889648
11.9140625
11.938477
11.962891
11.987305
12.011719
12.036133
12.060547
12.084961
12.109375
12.133789
12.158203
12.182617
12.207031
12.231445
12.255859
12.280273
12.3046875
12.329102
12.353516
12.37793
12.402344
12.426758
12.451172
12.475586
12.5
12.524414
12.548828
12.573242
12.597656
12.62207
12.646484
12.670898
12.6953125
12.719727
12.744141
12.768555
12.792969
12.817383
12.841797
12.866211
12.890625
12.915039
12.939453
12.963867
12.988281
13.012695
13.037109
13.061523
13.0859375
13.110352
13.134766
13.15918
13.183594
13.208008
13.232422
13.256836
13.28125
13.305664
13.330078
13.354492
13.378906
13.40332
13.427734
13.452148
13.4765625
13.500977
13.525391
13.549805
13.574219
13.598633
13.623047
13.647461
13.671875
13.696289
13.720703
13.745117
13.769531
13.793945
13.818359
13.842773
13.8671875
13.891602
13.916016
13.94043
13.964844
13.989258
14.013672
14.038086
14.0625
14.086914
14.111328
14.135742
14.160156
14.18457
14.208984
14.233398
14.2578125
14.282227
14.306641
14.331055
14.355469
14.379883
14.404297
14.428711
14.453125
14.477539
14.501953
14.526367
14.550781
14.575195
14.599609
14.624023
14.6484375
14.672852
14.697266
14.72168
14.746094
14.770508
14.794922
14.819336
14.84375
14.868164
14.892578
14.916992
14.941406
14.96582
14.990234
15.014648
15.0390625
15.063477
15.087891
15.112305
15.136719
15.161133
15.185547
15.209961
15.234375
15.258789
15.283203
15.307617
15.332031
15.356445
15.380859
15.405273
15.4296875
15.454102
15.478516
15.50293
15.527344
15.551758
15.576172
15.600586
15.625
15.649414
15.673828
15.698242
15.722656
15.74707
15.771484
15.795898
15.8203125
15.844727
15.869141
15.893555
15.917969
15.942383
15.966797
15.991211
16.015625
16.04004
16.064453
16.088867
16.113281
16.137695
16.16211
16.186523
16.210938
16.235352
16.259766
16.28418
16.308594
16.333008
16.357422
16.381836
16.40625
16.430664
16.455078
16.479492
16.503906
16.52832
16.552734
16.577148
16.601562
16.625977
16.65039
16.674805
16.699219
16.723633
16.748047
16.77246
16.796875
16.82129
16.845703
16.870117
16.894531
16.918945
16.94336
16.967773
16.992188
17.016602
17.041016
17.06543
17.089844
17.114258
17.138672
17.163086
17.1875
17.211914
17.236328
17.260742
17.285156
17.30957
17.333984
17.358398
17.382812
17.407227
17.43164
17.456055
17.480469
17.504883
17.529297
17.55371
17.578125
17.60254
17.626953
17.651367
17.675781
17.700195
17.72461
17.749023
17.773438
17.797852
17.822266
17.84668
17.871094
17.895508
17.919922
17.944336
17.96875
17.993164
18.017578
18.041992
18.066406
18.09082
18.115234
18.139648
18.164062
18.188477
18.21289
18.237305
18.261719
18.286133
18.310547
18.33496
18.359375
18.38379
18.408203
18.432617
18.457031
18.481445
18.50586
18.530273
18.554688
18.579102
18.603516
18.62793
18.652344
18.676758
18.701172
18.725586
18.75
18.774414
18.798828
18.823242
18.847656
18.87207
18.896484
18.920898
18.945312
18.969727
18.99414
19.018555
19.042969
19.067383
19.091797
19.11621
19.140625
19.16504
19.189453
19.213867
19.238281
19.262695
19.28711
19.311523
19.335938
19.360352
19.384766
19.40918
19.433594
19.458008
19.482422
19.506836
19.53125
19.555664
19.580078
19.604492
19.628906
19.65332
19.677734
19.702148
19.726562
19.750977
19.77539
19.799805
19.824219
19.848633
19.873047
19.89746
19.921875
19.94629
19.970703
19.995117
20.019531
20.043945
20.06836
20.092773
20.117188
20.141602
20.166016
20.19043
20.214844
20.239258
20.263672
20.288086
20.3125
20.336914
20.361328
20.385742
20.410156
20.43457
20.458984
20.483398
20.507812
20.532227
20.55664
20.581055
20.605469
20.629883
20.654297
20.67871
20.703125
20.72754
20.751953
20.776367
20.800781
20.825195
20.84961
20.874023
20.898438
20.922852
20.947266
20.97168
20.996094
21.020508
21.044922
21.069336
21.09375
21.118164
21.142578
21.166992
21.191406
21.21582
21.240234
21.264648
21.289062
21.313477
21.33789
21.362305
21.386719
21.411133
21.435547
21.45996
21.484375
21.50879
21.533203
21.557617
21.582031
21.606445
21.63086
21.655273
21.679688
21.704102
21.728516
21.75293
21.777344
21.801758
21.826172
21.850586
21.875
21.899414
21.923828
21.948242
21.972656
21.99707
22.021484
22.045898
22.070312
22.094727
22.11914
22.143555
22.167969
22.192383
22.216797
22.24121
22.265625
22.29004
22.314453
22.338867
22.363281
22.387695
22.41211
22.436523
22.460938
22.485352
22.509766
22.53418
22.558594
22.583008
22.607422
22.631836
22.65625
22.680664
22.705078
22.729492
22.753906
22.77832
22.802734
22.827148
22.851562
22.875977
22.90039
22.924805
22.949219
22.973633
22.998047
23.02246
23.046875
23.07129
23.095703
23.120117
23.144531
23.168945
23.19336
23.217773
23.242188
23.266602
23.291016
23.31543
23.339844
23.364258
23.388672
23.413086
23.4375
23.461914
23.486328
23.510742
23.535156
23.55957
23.583984
23.608398
23.632812
23.657227
23.68164
23.706055
23.730469
23.754883
23.779297
23.80371
23.828125
23.85254
23.876953
23.901367
23.925781
23.950195
23.97461
23.999023
24.023438
24.047852
24.072266
24.09668
24.121094
24.145508
24.169922
24.194336
24.21875
24.243164
24.267578
24.291992
24.316406
24.34082
24.365234
24.389648
24.414062
24.438477
24.46289
24.487305
24.511719
24.536133
24.560547
24.58496
24.609375
24.63379
24.658203
24.682617
24.707031
24.731445
24.75586
24.780273
24.804688
24.829102
24.853516
24.87793
24.902344
24.926758
24.951172
24.975586
25
